corner_positions:
  - x: -0.1679772230721753
    y: 0.23586744087867628
    z: 0.033936425732047207
    qx: 0.94374930652639022
    qy: 0.33038084748937474
    qz: 0.003655983305851547
    qw: 0.013129197585054953
  - x: 0.18446660483470376
    y: 0.22952608854303477
    z: 0.034044278600392761
    qx: 0.9528269679174306
    qy: 0.29623193288931643
    qz: -0.059000349512527119
    qw: -0.029771965056656514
  - x: 0.18842727421808228
    y: 0.48402183535328791
    z: 0.033757878003960726
    qx: 0.82823217127151649
    qy: 0.55982465685621574
    qz: -0.0048500952145053029
    qw: 0.024582526784275027
  - x: -0.16497781304990139
    y: 0.48682582831644611
    z: 0.034841602513842371
    qx: 0.87294982536454646
    qy: 0.48774960153813135
    qz: 0.0076168881088041103
    qw: 0.00095478318994637597